age = 14.382175767526276
dastar = 15.491732750396437
kd = 0.128127020274388
keq = 0.007439252287347063
nz = 401
rdrag = 159.69144276903432
rs_zdrag = 159.69144276903432
rstar = 156.59705600867633
thetad = 0.15827384395344485
thetaeq = 1.0165764033293363
thetarseq = 0.5533848679917268
thetastar = 1.0108427412980576
zdrag = 1055.9378704550961
zeq = 2437.202727374529
zstar = 1086.5733160552506
