age = 12.081909325870779
chistar = 12229.09265450814
dastar = 12.229233843612596
kd = 0.16354012957421624
keq = 0.013311885562650993
nz = 401
rdrag = 132.00726615481526
rs_zdrag = 132.00726615481526
rstar = 131.55361275405056
thetad = 0.1570819506296218
thetaeq = 0.7196651678791067
thetarseq = 0.3966746747411476
thetastar = 1.0757306176033408
zdrag = 1078.301572590386
zeq = 4361.948645101951
zstar = 1084.3640834808944
