a_s = 2.1e-09
baryon_fraction = 0.2156862745098039
cs2_de = 1.0
h0 = 0.75
hubble = 75.0
k = -0.0
massive_nu = 0
massless_nu = 3.046
mnu = 0.0
n_eff = 3.046
n_s = 0.971
num_nu_massive = 0
num_nu_massless = 3.046
ombh2 = 0.022
omch2 = 0.08
omega_b = 0.03911111111111111
omega_c = 0.14222222222222222
omega_k = 0.0
omega_lambda = 0.8186666666666667
omega_m = 0.18133333333333335
omega_nu = 0.0
omlamh2 = 0.4605
ommh2 = 0.10200000000000001
omnuh2 = 0.0
s_8 = 0.49534924808380854
sigma_12 = 0.5930733467073128
sigma_8 = 0.6371377139833407
tau = 0.08
w = -1.0
wa = 0.0
