a_s = 1.0987682877413222e-08
baryon_fraction = 0.2560817905373157
cs2_de = 1.0
h0 = 0.8906839999999999
hubble = 89.0684
k = -0.0
log10as = 4.69936
massive_nu = 0
massless_nu = 3.046
mnu = 0.0
n_eff = 3.046
n_s = 1.05879
num_nu_massive = 0
num_nu_massless = 3.046
ombh2 = 0.0225353
omch2 = 0.0654651
omega_b = 0.028406389802030464
omega_c = 0.08252062981317775
omega_k = 0.0
omega_lambda = 0.8890729803847918
omega_m = 0.11092701961520822
omega_nu = 0.0
omlamh2 = 0.7053175878560001
ommh2 = 0.0880004
omnuh2 = 0.0
s_8 = 0.78936139369326
sigma_12 = 1.0915505318175711
sigma_8 = 1.2981289551042974
tau = 0.08
w = -1.0
wa = 0.0
