age = 11.465896521345561
chistar = 11991.569140342322
dastar = 11.991760723494984
kd = 0.15476659908634807
keq = 0.01314405748978144
nz = 401
rdrag = 136.40624616889613
rs_zdrag = 136.40624616889613
rstar = 134.62360779055754
thetad = 0.16927377481892675
thetaeq = 0.74328762780771
thetarseq = 0.41290139211155924
thetastar = 1.1226342060577876
zdrag = 1067.372842461054
zeq = 4306.943269651349
zstar = 1089.9438064690391
