a_s = 1.7937616710367553e-09
baryon_fraction = 0.13696066283835934
cs2_de = 1.0
h0 = 0.882486
hubble = 88.2486
k = -0.0
log10as = 2.8869
massive_nu = 0
massless_nu = 3.046
mnu = 0.0
n_eff = 3.046
n_s = 0.963777
num_nu_massive = 0
num_nu_massless = 3.046
ombh2 = 0.0246829
omch2 = 0.155536
omega_b = 0.03169425407000265
omega_c = 0.1997171118884706
omega_k = 0.0
omega_lambda = 0.7685886340415267
omega_m = 0.23141136595847328
omega_nu = 0.0
omlamh2 = 0.5985626401959999
ommh2 = 0.18021890000000002
omnuh2 = 0.0
s_8 = 0.8197410914847589
sigma_12 = 0.7630265960485696
sigma_8 = 0.9333509849341965
tau = 0.08
w = -1.0
wa = 0.0
