age = 13.67929562270546
chistar = 15769.582149374
dastar = 15.769565808043891
kd = 0.12414890190748304
keq = 0.006418207618405901
nz = 401
rdrag = 164.35237857263124
rs_zdrag = 164.35237857263124
rstar = 161.33606010415812
thetad = 0.1604675619598962
thetaeq = 1.1575394756259896
thetarseq = 0.623887382117039
thetastar = 1.0230849857759703
zdrag = 1055.965014420763
zeq = 2102.5570126475445
zstar = 1084.4602814904788
