age = 13.678879851647082
chistar = 13843.439963430545
dastar = 13.843562681071564
kd = 0.1401289155171633
keq = 0.01035660612487175
nz = 401
rdrag = 147.51436845144795
rs_zdrag = 147.51436845144795
rstar = 144.7232645155978
thetad = 0.1619474970746894
thetaeq = 0.817154124176563
thetarseq = 0.4517899445498461
thetastar = 1.0454192164960492
zdrag = 1059.070255481522
zeq = 3393.360659678266
zstar = 1090.3842371050562
